day,count_people,count_rock,count_paper,count_scissors
0,500000,0.333334,0.333334,0.333332
1,666795,0.33247399875523964,0.33419866675664933,0.333327334488111
2,888876,0.33363371268883396,0.33340195932841027,0.33296432798275577
3,1184542,0.33350442618328435,0.33330941410266585,0.3331861597140498
4,1578736,0.33296193917159045,0.33383415593234084,0.33320390489606877
5,2104365,0.33293796465917275,0.3343017965039335,0.33276023883689376
6,2805600,0.33201739378386086,0.33411427145708583,0.3338683347590533
7,3740035,0.3322375325364602,0.33308110752974235,0.3346813599337974
8,4986695,0.3331077998554153,0.3327392190619238,0.33415298108266095
9,6649993,0.33332110274401794,0.3327188464709662,0.33396005078501584
10,6666311,0.3335549451563241,0.3325827432893545,0.33386231155432144
11,6668106,0.3335245420513711,0.3330603922613108,0.3334150656873181
12,6665544,0.33362873307865043,0.3331180470791281,0.33325321984222145
13,6666391,0.333837604184933,0.333054721812747,0.33310767400232
14,6666114,0.3335852042134293,0.33318152074807,0.3332332750385007
15,6667289,0.3336116073564533,0.33319989578972803,0.3331884968538187
16,6667381,0.33370119391707176,0.33314415360394134,0.3331546524789869
17,6666211,0.3336736565944282,0.33323577666533505,0.3330905667402367
18,6665505,0.33351801551420335,0.3335846271212759,0.33289735736452075
19,6666181,0.3337900666063523,0.3334592925094593,0.33275064088418843
20,6665842,0.3335745131672788,0.3335334080825798,0.3328920787501414
21,6666481,0.33312732759607355,0.33372854433995985,0.3331441280639666
22,6667065,0.3331222959428174,0.33370366120624295,0.33317404285093966
23,6666925,0.3331225415015168,0.33306704365205847,0.3338104148464247
24,6666774,0.3334342817080645,0.3328696907979782,0.3336960274939573
25,6665854,0.3337179302156933,0.3330754018914906,0.3332066678928161
26,6667992,0.3336919120478849,0.3334855530720493,0.33282253488006586
27,6667483,0.33345026901455915,0.3336491446622361,0.33290058632320474
28,6666660,0.333042183042183,0.3335575835575836,0.3334002334002334
29,6666203,0.33347199297711155,0.33326932888182376,0.3332586781410647
30,6667051,0.33363326604221266,0.3333439327222786,0.33302280123550876
31,6665101,0.33324056154587905,0.3339293733133226,0.3328300651407983
32,6667125,0.33269947691096236,0.3340360350225922,0.33326448806644543
33,6667596,0.3329514865627731,0.3337481755043347,0.33330033793289215
34,6667003,0.33316514181859525,0.3332492875734419,0.33358557060796284
35,6667663,0.33336492861141903,0.33275242015080847,0.3338826512377725
36,6667899,0.33333588286205296,0.3331065752495651,0.33355754188838194
37,6666230,0.3332730793866998,0.33314842122159,0.33357849939171014
38,6666022,0.3337672752955211,0.33275692759489844,0.3334757971095805
39,6667026,0.3340031972276694,0.3326586696977033,0.3333381330746273
40,6666855,0.3341326607523337,0.3331609882020833,0.33270635104558294
41,6667738,0.33383570260259177,0.33391608968438774,0.3322482077130205
42,6667028,0.33344242742043384,0.3336834643562319,0.3328741082233343
43,6666869,0.33328568477946696,0.33347752895699617,0.3332367862635369
44,6666408,0.33309707416647766,0.3336915472320326,0.33321137860148975
45,6667890,0.33295360301384697,0.3332189043310553,0.3338274926550978
46,6665669,0.33337688985156627,0.3331818606654486,0.33344124948298515
47,6667648,0.3335633494749573,0.3332353477568102,0.3332013027682325
48,6667110,0.3335896662871919,0.33343457660065606,0.33297575711215205
49,6666152,0.33338318718205046,0.3335776021908891,0.33303921062706043
50,6665641,0.3333917923272495,0.33356341873197193,0.33304478894077855
51,6667421,0.33281834160464746,0.33386552311605944,0.33331613527929316
52,6666368,0.3328325108964882,0.33350964123192717,0.33365784787158465
53,6666696,0.33259608657721906,0.3335434824086774,0.33386043101410356
54,6667141,0.333190043528403,0.3329871079672681,0.3338228485043289
55,6666762,0.3333552330201678,0.33288648972319695,0.3337582772566352
56,6665956,0.33369947236375397,0.3328524820745892,0.33344804556165686
57,6666928,0.333961758699059,0.33302429544761847,0.33301394585332256
58,6665762,0.33381314844424387,0.3332310694561252,0.3329557820996309
59,6666332,0.3334319382833018,0.3337112523048657,0.3328568094118325
60,6667792,0.3330469816694942,0.3338455968632495,0.3331074214672563
61,6664608,0.3327865644911149,0.3334988344400751,0.33371460106881007
62,6666436,0.333144276791977,0.3328952681762789,0.3339604550317441
63,6667075,0.33374800793451403,0.3326089777001159,0.33364301436537014
64,6666400,0.33409096363854557,0.33276191047641906,0.3331471258850354
65,6668285,0.3342171187944127,0.3334061156654222,0.3323767655401651
66,6666740,0.3333908327008403,0.33410122488652627,0.3325079424126335
67,6665690,0.3335681677365734,0.3339928799569137,0.3324389523065129
68,6667226,0.33299321186952413,0.33414181550167943,0.33286497262879644
69,6665027,0.3328429127143821,0.3340792167833679,0.33307787050225
70,6666675,0.33269388413264483,0.3338383827020216,0.33346773316533357
71,6666414,0.332852715117903,0.33348108893327055,0.33366619594882646
72,6667200,0.3333130849532037,0.33265238780897527,0.33403452723782096
73,6667473,0.33359595156965766,0.33262796864719213,0.3337760797831502
74,6666286,0.3336435010439096,0.33300191440931276,0.33335458454677763
75,6667115,0.33382085054780064,0.3332148912985602,0.33296425815363917
76,6667576,0.33348971200328276,0.33341322243645966,0.3330970655602576
77,6666145,0.33384362326352035,0.3335035466525256,0.3326528300839541
78,6667452,0.3335010135806002,0.33397750744962246,0.33252147896977735
79,6666917,0.3329900462237643,0.33433054588800193,0.3326794078882338
80,6666621,0.3323922268867542,0.3341230887431579,0.33348468437008794
81,6667669,0.3323678784894691,0.333573397239725,0.3340587242708059
82,6665970,0.33276012343289874,0.3332413737235541,0.33399850284354715
83,6666441,0.33316877776312726,0.33238005106472857,0.3344511711721442
84,6667402,0.33411739685112735,0.3323760889173924,0.33350651423148026
85,6665509,0.3343749142038515,0.33311784591394294,0.33250723988220554
86,6666854,0.33340748124977687,0.33400326450826734,0.3325892542419558
87,6668039,0.3328665294249179,0.3338231824978828,0.3333102880771993
88,6667151,0.33309340076443444,0.33337568025682934,0.3335309189787362
89,6667799,0.3334637111886546,0.3328270693222756,0.3337092194890698
90,6666495,0.33368899249155665,0.3327796690764787,0.33353133843196464
91,6666864,0.3338353684730932,0.33283639804261794,0.33332823348428886
92,6666301,0.3338760130993185,0.33330193161094884,0.33282205528973263
93,6665981,0.3336313139806429,0.33366266720532206,0.332706018814035
94,6666831,0.3333780322315055,0.3339684176785042,0.33265355008999026
95,6666963,0.3328824533749475,0.3337014169720156,0.3334161296530369
96,6666774,0.33322548506969035,0.33281569166736413,0.33395882326294546
97,6667003,0.3332605370059081,0.3330337484473908,0.3337057145467011
98,6665083,0.333292923734033,0.3333176796147925,0.3333893966511745
99,6666797,0.3335819284732984,0.33305963868406374,0.33335843284263794
100,6666797,0.33367957656427816,0.33332108357281615,0.3329993398629057
101,6666466,0.33348358785599447,0.3333103326410125,0.333206079502993
102,6666561,0.33333528336424134,0.33347343555395353,0.3331912810818051
103,6667076,0.33326033781525816,0.3335597194332268,0.3331799427515151
104,6666311,0.333431938593924,0.33337448552880294,0.33319357587727305
105,6666904,0.3330200944846363,0.33326758567395,0.33371231984141364
106,6666071,0.33309066165061846,0.3331017626424921,0.3338075757068894
107,6667606,0.3330744198142482,0.33334603154415543,0.3335795486415964
108,6665930,0.3334025409807784,0.3331014577110771,0.33349600130814455
109,6666560,0.3334937358997744,0.3334448351173619,0.3330614289828637
110,6666193,0.3330871158395804,0.3334370907052946,0.333475793455125
111,6667344,0.33355141117662446,0.33269034866057606,0.3337582401627995
112,6666222,0.3338747194437869,0.3328920038966599,0.3332332766595532
113,6665872,0.3340211153169458,0.33288743018167766,0.33309145450137656
114,6667418,0.3336937927095616,0.33349536507235633,0.33281084221808205
115,6666320,0.333886462096029,0.3336983523143203,0.33241518558965066
116,6666526,0.33354553781084784,0.33387509476449956,0.33257936742465266
117,6665979,0.33341029127154465,0.3339198938370493,0.33266981489140607
118,6666992,0.3328625563072522,0.33430053613383665,0.3328369075589111
119,6667113,0.33261158165460825,0.33388694626894727,0.3335014720764445
120,6667255,0.33300886196793134,0.33297241518436,0.33401872284770867
121,6667440,0.33326269152778276,0.3330959108743386,0.33364139759787864
122,6666901,0.33391091303140696,0.3326932558320575,0.33339583113653554
123,6665869,0.33394925702860345,0.3331804150366591,0.33287032793473736
124,6665291,0.333713711824435,0.3333461359751585,0.33294015220040657
125,6665540,0.33356217200706917,0.3335701233508463,0.33286770464208454
126,6666712,0.333174434413846,0.3338779296300785,0.3329476359560755
127,6666420,0.3329074675763003,0.33424341700642923,0.3328491154172704
128,6667254,0.33248290825578264,0.3342911489497775,0.3332259427944398
129,6667128,0.3319933260618365,0.3342529196979569,0.3337537542402066
130,6667305,0.33232377999806517,0.3332055455690118,0.33447067443292305
131,6666674,0.33282953388751274,0.3324071343521522,0.33476333176033507
132,6667399,0.3339336673866376,0.331935736859306,0.3341305957540564
133,6666489,0.33477502175432977,0.33192284574383907,0.33330213250183116
134,6666653,0.33469733612953906,0.3327072820499282,0.3325953818205327
135,6667053,0.3344438689777927,0.3334501765622682,0.33210595445993907
136,6665957,0.3342649825073879,0.3341046154363132,0.3316304020562989
137,6666952,0.3328557037758784,0.3350589594765344,0.3320853367475872
138,6665572,0.332194146278819,0.33483938062629887,0.3329664730948822
139,6667235,0.33205969191126455,0.3342532549100189,0.3336870531787165
140,6665707,0.33205539937474,0.3335148094568213,0.3344297911684387
141,6666996,0.3326745658764457,0.3324225783246308,0.33490285579892354
142,6667500,0.33356940382452194,0.3318168728908886,0.33461372328458944
143,6666490,0.3345921166910923,0.3319797974646328,0.33342808584427486
144,6667337,0.33470064585005976,0.33254836226217455,0.3327509918877657
145,6667138,0.33402188465275506,0.33333988287028105,0.3326382324769639
146,6668018,0.33353629219357234,0.33390251795960957,0.33256118984681804
147,6666447,0.3329409204033273,0.33397265439896245,0.33308642519771026
148,6666356,0.3327993584501038,0.3337819042367374,0.3334187373131588
149,6666160,0.33302200967273515,0.3334349910593205,0.33354299926794434
150,6666103,0.3328730444159054,0.3336397592416439,0.3334871963424508
151,6666008,0.3328911396445969,0.3334833981597382,0.3336254621956649
152,6667255,0.33289862169663526,0.33356411296703065,0.33353726533633404
153,6665930,0.3329076362938105,0.3336269657797187,0.3334653979264709
154,6667025,0.33276626381332003,0.3332166896029338,0.33401704658374615
155,6666320,0.3330821202702541,0.3329183117522111,0.33399956797753483
156,6665735,0.33337793956705447,0.332764653860377,0.3338574065725685
157,6667278,0.3336717023048986,0.3329480186666883,0.3333802790284131
158,6666839,0.33375847234348993,0.3330257412845878,0.3332157863719223
159,6666054,0.33381037717366224,0.3331173134811089,0.3330723093452288
160,6667472,0.33350091308969876,0.33313015787692846,0.3333689290333728
161,6666574,0.33347473529882066,0.3334951355823846,0.33303012911879476
162,6666898,0.3332083376706828,0.33362877308157407,0.3331628892477431
163,6666026,0.3334926986483401,0.3333629361781667,0.33314436517349316
164,6666204,0.3338342180947358,0.33342543972551697,0.3327403421797473
165,6667527,0.33330528695271877,0.3338458171972907,0.33284889584999056
166,6666579,0.33308253003526994,0.3338515901484104,0.3330658798163196
167,6666588,0.3327796768001862,0.3339384404735976,0.33328188272621617
168,6666788,0.33276654364890557,0.33344168136139923,0.3337917749896952
169,6667298,0.33315370034457736,0.3328967746754382,0.33394952497998437
170,6666149,0.33371666309888964,0.33259772621344047,0.3336856106876699
171,6666347,0.3339430125674526,0.33294546473503406,0.3331115226975133
172,6665468,0.3340172062936916,0.33343525165824817,0.33254754204806025
173,6665277,0.33352087242585715,0.3341221977721256,0.33235692980201725
174,6667207,0.3333632809060826,0.33401992768486116,0.3326167914090563
175,6665997,0.3328201317822375,0.3339567959601542,0.3332230722576083
176,6667007,0.3326341190282236,0.3336290182386189,0.33373686273315745
177,6666048,0.33252970875697263,0.3331171632727517,0.33435312797027567
178,6668149,0.3330966359629936,0.33259454760234064,0.33430881643466576
179,6667512,0.3337121852949046,0.33271031233239623,0.3335775023726991
180,6667258,0.33351206747961454,0.3333274338566169,0.3331604986637685
181,6666954,0.33323568754186694,0.33370936712627686,0.3330549453318562
182,6666979,0.3332203386271353,0.33349092595011925,0.33328873542274545
183,6667811,0.33321910294098017,0.3333921732334645,0.33338872382555534
184,6666738,0.3331188356284588,0.33321723457559005,0.33366392979595116
185,6666509,0.33326258166005623,0.33291517344385196,0.3338222448960918
186,6667077,0.3336346647863824,0.3328836610106648,0.3334816742029528
187,6668186,0.3337865800384092,0.3331121837333272,0.3331012362282636
188,6666727,0.3342584749608016,0.33306838573110914,0.3326731393080893
189,6667923,0.33386633288956696,0.3336452745480114,0.33248839256242163
190,6666987,0.33351542458384875,0.3338571081659526,0.33262746725019865
191,6666768,0.33295938901728694,0.334076572036105,0.33296403894660803
192,6666324,0.33272070184407476,0.3342509304978276,0.3330283676580976
193,6666325,0.3321867745721968,0.3338368591390309,0.3339763662887723
194,6666076,0.332647422561639,0.3329978536098298,0.3343547238285312
195,6665570,0.33333023282329943,0.3326221163381376,0.33404765083856297
196,6665224,0.33363229802929356,0.3327080980324142,0.33365960393829225
197,6666827,0.3339192692415747,0.3326207504709512,0.3334599802874741
198,6667589,0.3337536251859555,0.33296578418375816,0.3332805906302863
199,6666917,0.33400010829593346,0.33282385246434,0.33317603923972655
